0.8956336907158575,0.6329839586966657,0.13095360207884568,0.3426518708208849,0.2463103596503797,0.02683453487967123
0.6329839586966657,0.5479927320590592,0.12803444278854115,0.4664327651179549,0.30176999266324284,0.010641627543035994
0.13095360207884568,0.12803444278854115,0.4112708203135614,0.18725243068059055,0.15063271241059498,0.07911229836638241
0.3426518708208849,0.4664327651179549,0.18725243068059055,0.39870530181629993,0.2841431046265834,0.013592499271524314
0.2463103596503797,0.30176999266324284,0.15063271241059498,0.2841431046265834,0.2018401730493861,0.03807287805145948
0.02683453487967123,0.010641627543035994,0.07911229836638241,0.013592499271524314,0.03807287805145948,0.09672526423292381
